   0.0000000e+00   0.0000000e+00
   5.0000000e+01   9.7222220e-01
   7.5000000e+01   1.1305556e+00
   1.0000000e+02   1.2222222e+00
   2.0000000e+02   1.4388889e+00
   3.0000000e+02   1.4777778e+00
   4.0000000e+02   1.4861111e+00
   5.0000000e+02   1.4416667e+00
   6.0000000e+02   1.3777778e+00
   7.0000000e+02   1.3138889e+00
   8.0000000e+02   1.2583333e+00
   9.0000000e+02   1.2138889e+00
   1.0000000e+03   1.1666667e+00
   1.1000000e+03   1.1250000e+00
   1.2000000e+03   1.0916667e+00
   1.3000000e+03   1.0611111e+00
   1.4000000e+03   1.0333333e+00
   1.5000000e+03   1.0111111e+00
   1.6000000e+03   9.8611110e-01
   1.7000000e+03   9.6666670e-01
   1.8000000e+03   9.4444440e-01
   1.9000000e+03   9.3055560e-01
   1.0000000e+12   5.0000000e-01
